8492
1170
4702
8309
9885
5388
656
10964
3636
9604
254
6607
3752
9733
11504
7933
9920
6178
7794
3250
11964
4876
12380
11567
10507
12097
2723
8506
4484
6904
10374
1302
267
10398
2896
4709
1609
12223
9322
3846
10745
199
393
5231
11585
8460
10621
12358
8608
2131
3509
12210
2703
7153
557
3617
1289
5634
10302
10288
2666
4650
6480
9232
11729
11451
6340
5853
6838
6796
6325
10197
9355
3949
5004
11766
4483
7149
12482
2047
1476
2865
12398
2354
3395
10664
11099
5614
9842
11779
3420
8474
1922
11534
1181
6096
6218
3660
6002
134
2121
4768
5520
1812
8306
5811
2855
11253
2150
1290
11633
6639
5652
8255
8812
12301
4751
4127
5838
1066
353
727
8510
7559
3376
10350
8276
10321
2769
11407
5549
823
1148
12348
12426
9207
9844
10586
6547
10083
7809
12345
3465
8553
146
9280
2823
6166
2722
1380
1345
2091
10322
4936
12281
1394
8758
10461
10936
10456
10035
5033
8485
3242
8241
10811
5492
5804
8329
12104
2457
6665
10080
8254
5756
507
9762
12457
7413
6596
7527
2111
7599
1390
10063
3458
3000
8711
67
11032
450
11882
12150
8590
49
2776
3861
224
313
1834
3789
9519
10336
3117
11422
7179
4511
2069
11679
11775
4132
8800
3048
4341
2929
7925
9934
7096
5678
4783
7812
9280
5737
9797
11654
3075
7015
1490
8206
2981
9145
9539
12145
5580
2808
10508
4275
4482
2467
2884
11446
931
9532
792
6901
4150
8834
7810
5662
4623
5342
9265
7045
8029
6522
7008
3782
539
3962
8347
165
3022
6363
8699
2630
7092
9154
9968
1533
4921
3651
5452
4629
2795
5836
6881
12248
4946
2896
7505
6741
11705
8328
3583
10138
12380
2495
4116
11557
8299
6727
3736
520
6619
2719
8425
7068
834
10661
12308
7495
11365
6277
741
973
12390
4636
4250
2194
12140
7260
11336
10143
8957
1607
960
7194
2781
11060
2749
4598
5039
10910
5734
10694
12415
4932
10509
76
9910
12313
11414
6784
3088
10
7875
5428
7587
2611
10248
7745
10744
1923
11917
1040
7890
6093
4063
5013
1760
1232
4288
2273
7912
7710
2457
456
544
2547
1057
7458
6626
4175
4783
12327
8345
4552
7055
8947
6232
8031
12106
170
812
7504
6354
3116
11493
4694
2804
6323
870
5497
10815
8679
8025
9142
11372
7878
10053
7419
4885
5040
1554
2791
1119
6570
9639
12089
5194
3339
11537
7615
11280
6229
1625
4118
1461
409
1357
11840
1462
8349
12243
7234
6589
1130
5859
8604
4302
11703
5680
11677
11394
11312
3146
7067
11116
10521
6385
12284
5977
11904
12000
11964
7285
5754
6716
4587
7055
3908
7681
10963
6521
10712
5958
9036
5296
6819
8701
12489
711
1036
7787
5991
10159
12360
8721
12467
3083
7058
5501
3440
6523
1572
5864
2058
8848
280
12449
835
6913
1273
1550
395
4023
7216
5156
682
5355
6610
1771
4298
1820
6395
11573
4941
4117
6009
1806
7425
9532
6749
1504
12496
10906
4241
4440
4949
4849
3900
188
5017
6870
7867
5577
11938
11986
7392
1969
2943
7204
8040
7113
8973
5287
1204
1620
129
2499
924
10440
2839
10974
5024
3803
165
12269
1553
1988
12281
2777
207
8332
1456
6422
9254
9927
6453
819
12135
5454
9225
4041
11362
221
1492
12136
5030
7210
9703
2621
4312
2451
3926
5959
9848
6542
1846
4064
5412
12168
10434
5405
2188
167
6997
12208
5657
2552
8532
3776
7667
11809
2863
7969
1216
11298
12112
4803
2311
529
7239
6842
4785
9660
10964
10256
4407
7996
9074
2712
8082
2389
7906
12466
7519
3820
1854
11196
5723
1784
6479
2479
11177
5928
7454
5003
12088
8456
4744
11050
6930
9542
1754
4884
4930
3593
621
5027
1702
9241
7802
10161
5977
5821
8194
5278
3903
2896
450
9895
9444
916
11580
527
6550
4760
8165
11356
2206
5962
10668
8450
3252
10523
8281
11039
636
3022
7537
3927
3200
9326
9494
8982
6482
8817
9001
5357
10234
2177
1100
9192
8007
7348
1606
6014
10462
1227
10834
170
7927
1764
2822
8240
11073
11852
6910
7954
10039
9654
4643
881
7859
9022
6695
118
3922
2598
6545
10232
8259
2808
1123
30
4862
1476
443
8404
8918
2268
577
11908
4688
7367
8499
1437
6505
1255
10408
7130
1908
1048
7818
580
10034
220
1333
11484
653
1488
2093
7864
7182
602
4411
5120
641
2792
3378
9597
11409
11005
11536
7772
9078
5234
8693
492
523
5259
6113
2668
4690
11914
8325
7211
7490
544
2496
4643
144
1458
7751
7430
175
5212
4727
4086
2957
3380
797
3714
10376
811
8221
3402
2012
46
4001
4800
4027
842
10961
7894
7875
11925
3175
7768
4777
9699
10129
97
296
11235
9454
9951
3255
4106
7597
3866
508
4607
10035
9643
4462
2399
4791
3879
3694
4924
5200
7444
9042
10195
617
11802
2997
12356
12054
750
2038
9459
11808
5757
5751
700
3418
11641
3857
10769
147
10405
4949
136
4293
11919
3306
1319
3432
5477
7134
11796
4074
12353
4499
2685
3555
2600
10619
10152
6955
3399
4552
6847
1829
3549
5299
4278
3893
3763
11480
5649
23
5424
4777
7294
2496
8907
5903
1197
8496
1678
8924
6578
6115
2742
5385
11955
1258
3066
9645
819
1023
6204
3815
9248
5854
10601
10806
745
6621
11527
9926
12169
6496
1486
11773
11149
7576
9705
190
7148
9197
9422
1657
5278
6974
10474
733
11587
10663
5843
3020
827
6617
10662
4627
6318
1610
8028
1441
4394
10600
5158
7076
9468
4251
9255
82
4630
3468
6735
4379
4053
2876
2498
4121
4101
4548
11037
2275
7880
9869
11719
2581
778
8508
9099
5552
8333
9359
5456
9540
12047
8264
8295
9047
4039
2346
4688
1027
10219
10392
8602
8119
3929
1464
11466
10451
4120
6542
526
1771
3073
5754
6061
7025
11380
2577
6299
961
7651
3703
4248
7771
10512
9694
4832
8289
7080
5950
82
1756
12360
10010
4556
9987
1267
3600
11152
11814
9541
11148
1432
1792
8833
3685
6468
6294
2204
1271
10167
1462
8547
3727
5876
6516
6144
832
10107
6734
9132
3178
3371
10670
6460
11270
1911
5562
1199
8573
5759
7781
3925
6984
3920
9003
2271
2456
11437
6827
3227
11037
6085
5809
8282
11119
5708
8633
4135
10539
3844
435
5992
4419
2682
6363
7777
3261
7832
10063
1775
906
5096
6131
8012
2386
10037
1563
12307
9373
4245
3689
1895
3281
3507
10594
9593
10061
2388
7840
5562
5777
1428
3159
4729
5324
1789
12006
4303
10057
1226
11510
7124
1374
5052
2321
5942
12454
10297
5897
1083
4146
8826
7262
6295
155
11040
2712
912
4587
9270
10215
873
12492
4502
8498
11978
1937
1402
2689
598
10531
9759
2250
8147
5235
9065
521
10728
1186
4652
9638
12264
8991
6758
1416
9451
6665
9364
4574
6784
11576
11094
12215
787
3510
10637
7131
9372
9054
2843
4005
11052
7609
5299
3051
6886
6576
11614
1060
3590
10519
4484
12225
12434
12131
10451
4381
5735
3086
11546
5313
5073
9327
8404
1521
11937
10044
1464
4637
7098
1934
3648
1674
10843
648
11086
4656
3693
3707
7029
2875
7551
8304
984
8764
7093
11368
12280
1156
5559
6256
1397
6287
10007
10029
11432
1725
11704
3778
3614
9342
5113
6978
6462
1657
6872
2810
1383
11787
1045
5796
689
2028
8556
8671
10262
9268
8343
12140
6928
569
10263
308
11578
842
537
9861
4167
814
1715
9361
5451
12414
93
10187
10262
574
1843
11827
1893
4284
9985
493
111
12263
5568
11869
10230
1336
12267
2164
5881
12064
9350
3046
11578
4805
7899
5620
1121
9510
11143
570
10073
4183
345
774
1936
10868
10909
9689
7426
9016
10247
2645
3083
9771
198
11814
7774
1168
12130
2831
1046
12051
3481
5886
3065
9546
11109
5458
5174
8723
10706
4882
5641
9416
2920
8427
11918
4794
9933
11861
2927
2579
7237
9365
1817
6706
12462
1808
4608
8585
10345
12453
9880
8313
12023
10521
703
6958
10208
4889
12259
5452
4516
11202
10810
5366
9504
6166
6851
4270
12395
2981
3734
270
12403
10967
4814
6615
4070
8859
9584
9301
850
9088
10878
10753
7502
9827
9893
4898
7725
4961
7085
5045
12102
9975
10563
8535
11055
8951
9702
6297
7456
338
8689
7364
8720
9611
8409
1056
5708
6587
2889
1350
7805
2958
4602
7927
325
57
10364
12176
8772
1953
9045
7435
8395
11189
667
2428
405
8779
8060
7618
11656
3287
1845
512
400
3514
2034
10391
1419
8838
11690
1138
2072
5735
9739
9144
5374
2636
8210
10998
11087
10026
10024
5504
3793
1255
11469
10030
8944
5981
651
9429
11027
7770
2193
4518
1113
4090
7527
9311
10523
12473
10757
12434
2763
7908
5363
2660
1450
4023
9554
10268
570
9562
9031
1631
5763
8841
9219
11645
4544
4503
1447
7937
8187
2261
2610
6802
3543
5222
8031
1285
7609
11398
475
11113
11768
10089
2741
8385
8391
8809
8581
4921
8927
2882
8860
1465
11238
563
11255
4771
7370
8382
4767
6021
11026
2820
4248
503
5298
11060
11617
8728
8492
8270
2660
1671
9087
10418
2362
8173
6101
834
3254
8235
8421
9026
11510
5305
5901
1145
8064
2980
6466
3260
6414
11727
6632
6953
88
8949
5842
2239
3087
9830
9692
12353
8929
658
223
7190
4878
821
10700
3082
11170
6537
5128
9032
10100
2001
3809
11443
7101
4153
2997
8637
2262
5232
1856
3433
7538
2134
10330
5913
2332
3863
10247
5924
11043
8568
97
10853
5082
11211
8767
7243
4780
3384
4590
12377
6600
10099
9353
10587
5140
6899
7637
11434
6833
1055
10091
3697
11301
9290
12151
2744
2990
4787
751
7307
8789
11703
10489
1533
1904
5456
6361
8390
7886
8253
3858
11377
643
1979
9333
9938
5281
12243
774
7933
8726
11312
11590
9989
10976
8900
12052
8292
11559
6024
4253
12492
2634
9782
3588
7396
12110
7821
8684
12184
539
11747
3549
11079
9696
11214
3055
9323
12457
2213
9963
3247
4014
5318
11081
9977
114
501
3056
5503
5903
10568
9330
1862
4000
3865
8744
3360
10890
1937
10327
9959
3560
1089
7395
9479
7764
511
293
12261
5845
2729
8335
9347
8561
1007
8479
9816
11201
6111
7282
11610
4765
3181
6281
2470
2417
1687
7080
5832
2470
12195
10932
10520
4385
4
12187
2925
10422
1603
2213
12102
208
3295
12158
3175
2233
12482
5801
2994
7886
11428
4658
4780
7154
11217
5194
380
7308
4925
7062
6078
5931
6961
9792
6150
4296
10315
4962
8557
1320
5555
11893
9599
3898
7679
11402
1471
3523
3107
238
2434
8386
4086
10446
3542
7537
6153
3366
5668
7310
11808
8116
5498
7040
8635
6172
5747
6002
6008
11378
4418
7521
9743
1675
2331
12034
7558
882
11974
12314
3723
9356
4202
4688
4628
10191
1845
9015
6250
11113
10643
6950
11794
1248
2012
9938
6396
2560
7763
1508
5656
7968
10014
4228
8319
7413
11142
2412
8115
4008
12478
5271
3891
5853
3587
2452
3915
810
2412
10943
4327
9232
12252
7395
735
9967
8226
8496
12163
4893
5639
4999
5618
10467
6658
8254
11842
12473
8868
9715
11549
11933
901
2242
11134
5372
3059
5941
10160
12059
6023
5586
148
9320
9680
8924
8216
2620
3494
10851
11687
2647
2749
3222
10868
7479
12153
5924
11694
7832
3110
3942
4442
5197
11894
4894
8331
10010
8760
7862
6909
2285
10835
104
11370
53
4852
8797
787
10234
39
9222
8980
10516
10527
8903
9185
10179
3873
3655
5719
9635
6746
2328
8950
2082
1145
7450
9926
4787
593
10705
6360
8131
3943
9402
4311
2646
4351
10816
2628
3356
5137
1461
7794
6388
7461
6425
7169
2991
8209
10652
6138
5105
2144
9773
8038
8508
3653
9288
11408
9901
11371
8500
9642
1834
2862
850
6573
1126
4592
6539
5828
5557
1028
2364
4499
5286
7034
2563
7120
7219
281
6935
9078
2440
4568
1255
5987
6670
1364
8302
11492
7562
11907
5226
4484
9136
4318
5960
3526
6612
12351
6044
10899
1670
4825
581
4078
12280
5274
2753
1474
1090
2168
4189
9621
4436
11922
7202
9766
1608
7362
12403
12261
8790
7547
10765
6150
8301
10379
7862
968
1074
11537
509
7368
6736
8536
7408
10114
3987
9676
6207
1396
11111
6828
10402
5395
7718
8105
48
9714
9615
8693
1918
11749
12447
6283
2109
6623
6560
6930
8277
1902
9912
1785
400
2053
1660
9321
2885
8400
4514
9588
5779
4431
1156
11008
1150
1962
9644
5371
10931
197
10331
10648
3852
4881
9619
1260
7420
453
6427
786
3555
9557
1400
4305
3984
9327
6429
8350
3736
10896
5220
4148
5200
28
2915
9986
10593
1440
5134
148
9478
1190
8498
8081
4071
11763
10432
8019
4933
400
1901
2432
1973
3728
6033
8722
3032
9350
7025
4322
8033
1295
1635
36
7476
6183
5448
3825
1966
12132
3166
5981
7819
6279
3808
2366
1059
5819
235
4720
11395
10909
3417
3336
8996
2789
2175
1473
6494
6692
6955
1244
6914
813
4615
8184
12054
8463
605
10387
6316
6608
6053
5301
9734
8420
7113
8194
12420
3668
7664
9712
9116
2306
5427
9623
10378
10799
3539
4688
4008
3976
9830
7774
5178
1923
11566
7006
1664
8123
2811
5095
5214
2347
10903
4788
4856
10616
6102
576
8175
6481
1552
2827
11527
9742
4627
4609
7886
7491
10306
1255
4924
8417
6379
2341
9277
10779
123
7812
9354
107
6530
4297
857
2570
4499
6769
3902
639
4768
12261
4698
2964
9012
10027
2424
7004
8746
7935
9795
6957
11620
6672
10317
1557
171
9296
8467
8562
8010
6576
10493
10790
3722
8068
12451
9754
1970
8958
5244
10358
707
7247
2724
10544
9057
1961
11904
8852
12416
2274
2033
4687
10516
2397
987
12357
6480
11800
2399
7702
10801
7839
5129
10691
1769
6408
11741
945
10076
5170
5034
12288
2692
11937
6250
4374
3949
12273
4999
10709
9892
12115
8646
5737
4544
5806
274
1325
7082
94
3275
2669
6559
10041
12056
5368
2118
4532
8776
2649
2719
10960
11276
7247
9739
2245
1996
11079
8646
9112
8409
6706
6801
4189
10310
11186
11693
11892
6148
8462
6134
10417
6363
9982
1895
2366
5729
5151
12380
883
2256
11916
3498
2350
7991
11432
839
1399
8497
2299
3811
1694
5179
10469
4185
9069
8367
2370
12231
871
6174
2726
10884
314
9015
4802
4597
1295
5353
7374
9016
9344
11199
7763
6857
8992
3209
4452
8698
11378
10347
10295
3395
3850
4651
4441
5238
8394
5798
5326
6498
3359
5419
11510
7209
12029
1033
3184
5835
3189
6835
12044
8546
1123
5783
6966
2995
9915
3612
7692
5860
3916
6172
854
3023
8379
11830
7035
8163
4574
12063
8703
7997
27
877
5657
3926
12189
555
7327
7959
26
11116
5509
4543
10803
1749
2273
10566
10185
1446
7822
4782
10605
11965
2582
9687
4566
8487
11330
199
6498
7521
1261
3625
10632
4048
8519
247
126
3041
3306
9361
8785
12233
5835
5300
663
8810
4719
6630
9558
8968
10478
3129
4242
3921
9892
562
10794
8470
11859
3702
1725
7128
1462
5005
9855
1884
6411
6756
5730
2026
10440
7144
10640
10961
8497
10871
6131
9782
9024
8256
3769
4700
3141
10029
9542
10632
11883
6711
6656
7958
1953
4156
3681
12103
7637
1657
10771
830
7944
11278
2399
10463
900
7533
11027
3334
4988
5780
7924
11520
6930
1012
11945
3604
12433
9524
3988
3932
7962
11723
2501
12200
101
10272
74
6284
3463
11036
3324
6840
101
5301
1839
10246
5857
5805
3801
8107
11501
6209
5644
6103
11286
7636
1028
941
4711
78
12170
10613
10169
6840
5368
8721
8778
2699
10363
3128
7460
4744
12371
6452
2456
1085
11419
1629
11672
1699
10246
6628
5724
8380
4930
1754
6079
8897
914
4965
9245
11632
1574
3385
11366
5211
9170
5761
12433
5618
1468
3158
7942
674
648
6758
6338
11692
3648
10202
8716
11898
1769
3012
2332
5543
4890
1789
1910
3615
2642
12381
1786
5399
6382
8327
3170
8986
7586
9745
4414
5659
1696
6055
231
7088
11185
5051
7733
10671
7916
6886
5250
3211
8748
9846
9864
11061
1054
5823
322
7382
3851
8819
2976
1587
1373
2544
6791
4820
3588
9851
4107
6402
5788
3057
10203
8213
2781
7743
6858
12338
6556
3738
8198
8255
7132
11074
9150
9036
10963
4609
7932
1763
9423
9532
1808
5377
3079
11144
5716
8641
10760
2913
7083
10564
2780
11347
9922
5692
12143
1651
8280
5811
11465
483
826
113
621
7221
6955
2798
5894
10254
6357
11479
1920
2345
9478
8756
1249
4826
5135
4137
2027
10716
1579
3644
9155
10134
5476
8284
1153
3459
9393
9313
8828
2121
2797
8941
8706
1696
4756
8358
4190
2918
2748
506
9056
8104
8645
436
1869
1167
4443
7317
9016
4144
3784
750
11403
9682
3458
2987
1745
11170
1646
2436
862
9543
2651
12298
12047
538
50
12053
71
9276
12447
11609
7969
1074
7087
1051
1489
5040
6416
12486
11515
2076
298
4685
10837
2048
10037
11523
10737
1770
6613
5519
1273
312
12144
12012
5453
8846
889
1331
1117
4889
7247
12239
4197
4675
5280
10330
2596
2407
1498
9205
4754
1660
3420
11285
9246
10465
1462
9999
3001
1027
1317
10800
2663
6928
10337
7657
1430
7574
8098
5143
4152
5085
11369
6626
7329
558
489
6162
9268
12207
8928
8330
273
9908
765
12112
9392
859
2767
7487
7385
3389
10830
91
3573
8946
9577
9768
6838
10122
8900
7521
6809
8855
5053
12169
2790
9293
3956
8689
9977
7799
732
3293
4598
5487
10528
5254
6163
10724
10765
571
4808
611
10257
764
6755
11279
3054
10882
3481
3220
11824
11645
3307
1408
1521
3918
4856
1096
9323
99
9403
6577
10010
12086
2658
7537
7992
10586
10918
4323
3606
8613
11857
8330
2713
6199
11097
4290
5414
4010
6239
5573
5209
6757
8475
1586
12486
3190
3966
6610
399
5067
1402
10666
3668
10730
3100
10671
10606
11718
3288
4968
12464
11657
12114
3211
12288
7477
11195
7822
5320
566
8182
5313
6359
3830
1369
3254
3611
1072
7551
4803
6621
4308
3924
11038
7212
1191
4662
4482
3100
427
6184
6196
723
1272
5609
6051
7142
5265
1798
5010
4494
8644
1291
12332
9385
8588
4308
12338
9361
12345
7060
9534
4168
10984
10847
8156
7733
1076
8498
11098
2815
6714
4723
4894
6882
1986
4590
5088
10720
7818
8612
10846
11773
2541
309
10476
3018
4092
1654
11123
9382
4824
7620
3254
5866
9149
2029
2238
2925
9953
10818
6066
9266
3199
2195
10280
3921
8897
5450
7399
3998
11720
1619
1544
3733
8714
10261
1627
10675
371
5138
3642
11922
9875
1716
10491
11593
1469
11528
10233
12456
2353
2163
767
9500
2546
1581
8574
347
2529
6555
6621
11141
6754
7125
10162
3206
6076
12020
9652
11388
403
4063
2554
4815
7176
6644
11890
1484
4203
11186
2453
9868
7717
7443
1646
9557
852
4544
1188
7133
1687
1280
8147
6315
11017
5001
5169
2750
4053
7286
5517
1948
1876
11345
12054
10789
12108
8452
2324
8402
2190
7091
8643
3842
4103
9252
3424
11811
5479
606
2354
1533
10833
2519
9702
11622
8415
8739
6297
2176
1476
9141
9930
9417
5669
506
7993
8872
7888
3357
9948
4900
2221
5285
4944
7095
5137
4306
2213
1766
1577
5857
9770
3448
4932
3985
3614
11856
1644
432
2375
3370
2155
148
6927
5549
9660
11725
10672
3597
1260
7052
3923
2123
3158
9954
11812
5549
10075
2607
6486
4110
6527
4532
600
8118
11870
6483
4485
1685
9392
8636
7229
7457
983
6578
2746
2073
10857
11894
9934
5911
6133
11115
507
7025
1935
7648
290
7478
4673
10564
1782
11536
6445
10764
9342
10122
12048
11309
6178
3178
7241
8988
6705
5123
12322
8966
1141
9079
7208
9739
7191
10680
5172
576
10476
7911
4026
6075
6183
4222
6193
9507
9511
11327
6855
8192
1012
2718
9736
5123
2524
12048
5717
6757
11169
9645
4411
7883
7202
5469
6508
3711
271
7434
3374
3601
6365
5869
289
1431
6096
5974
5126
1956
9484
10234
11976
7878
10768
4130
7954
10922
11843
2085
7216
7642
4964
10914
1906
831
3501
8642
11372
715
10214
2483
9236
2078
7953
3255
1828
7643
2430
8305
11527
9050
6922
3761
9773
936
10168
9033
9615
3073
10015
8085
4367
10685
218
8231
11136
7950
3963
11957
10430
9954
7102
4412
4242
7001
998
9899
12424
7513
2303
311
8493
3539
3058
10665
720
1204
1142
970
3162
6968
11527
8300
3200
2130
10616
11051
1860
12222
4618
6377
3680
2972
10375
1573
1949
2511
12019
2772
12438
270
9108
2102
770
9704
12091
829
7627
2053
7511
9932
6809
2993
8795
3462
10926
11302
1213
2112
8885
2446
8040
202
2896
8425
9131
5521
5664
1485
8717
10709
1685
10869
1032
2893
10359
9425
7530
5995
2538
9787
3425
12307
4711
7186
12068
687
6676
6913
3147
3147
1299
9907
6387
9993
4729
8907
11706
4845
574
6570
7665
6142
5835
9302
8248
8440
1962
5903
5603
1502
3772
7717
12074
11597
11521
8233
7991
8210
8857
8444
11345
11250
10838
5571
9410
4278
4482
3539
10663
1453
10219
2686
5422
8468
2123
9782
6472
7909
11437
3629
11224
774
1310
1645
11874
6082
10333
7289
10971
8996
916
3497
8487
4629
7725
8914
7803
264
12391
3970
3958
10923
7739
4150
3782
1087
2296
3606
9475
1739
1761
82
9272
5229
9720
10571
9941
9193
6197
3329
6444
9693
5067
1668
537
6722
6698
793
743
5708
1979
6208
8017
7467
12170
302
5535
9660
10363
10787
3786
6727
10314
9233
7236
834
6725
3258
7409
9654
11473
11110
6567
9063
10026
6764
5857
6071
3614
9559
6888
1503
2864
3767
12260
8052
4565
1805
5558
9419
5036
281
11330
7909
12042
12217
11879
8333
6932
12202
12497
3440
5884
3589
6735
3369
12141
11453
9941
5407
6944
11964
6046
804
3900
2284
3863
6547
9473
11683
8769
4920
10200
10489
4619
11192
12279
11157
9521
10308
7385
10023
11639
3911
9562
3448
8118
11775
9532
8891
8410
5611
4363
152
2475
5572
6735
10527
4010
9759
8354
5332
11360
7748
3434
7577
5740
7894
11469
8043
3589
984
1933
12133
10521
9420
325
2136
3742
452
6665
4588
9515
582
3273
3158
558
10048
8015
11547
4458
1753
7148
12261
1954
2054
11162
3891
477
1985
10208
224
306
1489
5303
7427
3679
4730
2130
5554
5247
4599
6786
3559
3094
3767
8316
10779
4475
277
7020
8191
12379
12422
3585
1837
6336
2171
10179
8468
10758
8934
1660
1757
2743
6441
4282
8026
7778
8346
11979
8328
7918
2461
6300
12358
7467
3590
9168
10687
6237
384
11915
201
7465
2017
345
383
10404
3466
1092
1508
7050
6162
7296
8813
2940
5029
816
9152
11984
291
3001
8629
797
11191
273
9918
6123
3726
6870
2746
5503
11992
2231
10374
9518
1459
6792
727
6097
3900
10122
4312
7255
10472
1279
1757
7665
9987
9419
2438
2775
16
11203
5947
9882
3287
11903
8773
1744
2926
6760
6678
9096
10845
8504
7557
3931
9421
11794
1481
10736
90
3056
8085
2668
11188
1375
2825
9913
11016
2254
8635
6807
4432
12471
5488
790
8784
493
6232
2056
10519
11482
3171
9639
3445
7715
8909
1968
6221
10325
10743
10692
7939
4201
2686
9459
3118
3279
11193
1912
9078
11359
3228
673
10625
12371
4665
10874
3016
6768
7647
8929
5563
11924
218
1108
12385
10945
11723
3474
4965
857
3693
692
4010
10442
11367
231
9786
8528
10171
5506
1800
4320
5477
11660
8254
2499
11514
3573
3051
10535
11451
11952
2679
1815
5130
8514
3984
1579
9574
4673
4055
7720
9447
8222
7666
2537
9162
183
1004
4434
1089
6988
9097
2141
7130
1244
6448
1058
5353
9886
11931
8151
423
6930
1905
4241
10513
2196
5313
2854
8747
8207
11454
5499
1451
6579
7373
9755
3994
5718
5836
11331
2569
11116
9446
4464
2855
538
7185
3887
2066
2927
8725
12187
5241
8404
7297
2518
6317
3426
4523
6966
7370
10650
8187
5381
8033
3599
690
551
6370
9193
9563
12134
4051
601
5582
1806
9983
9940
1386
9975
7511
1426
788
5820
11982
11766
258
5547
11782
4855
3439
568
1195
11369
3962
4419
2929
4066
8931
11756
12347
6634
10016
5373
5863
9091
8137
4641
2823
5491
5034
8876
2041
7048
11954
5944
9863
2367
5899
8767
3341
7643
1269
1515
5755
8996
10939
5181
9139
1163
11376
5917
1010
2129
10128
877
3910
7914
12457
2891
3630
8117
2724
6291
12321
7062
11027
6647
11914
10517
7056
563
10667
164
8415
4704
5366
8501
12118
9367
10651
2956
8002
1660
6614
11616
7866
12411
9420
11078
2035
1949
2410
3008
5138
7724
4919
7477
1694
11192
10468
4293
5766
11121
6607
10814
7750
847
6214
5424
8011
7908
8295
3091
4740
674
116
1064
12176
705
11696
11115
9727
837
8483
5107
10653
7659
7526
692
12284
10388
6807
927
11398
6358
9689
9380
7553
8300
3867
7020
6198
3997
3067
6626
6154
11819
10767
4464
7608
3856
7801
990
11996
11853
7066
4929
2638
1501
162
91
5821
5522
5639
10122
1102
7369
4192
10882
3484
3235
6011
3877
9338
4676
4918
5731
10269
1858
11452
11333
9392
3062
5583
8429
2588
5818
1431
12045
11791
4760
6742
6052
8138
3776
1199
676
10857
5445
5525
11285
7627
12385
981
4373
10344
3925
4151
7320
6935
1336
7159
781
2548
1328
3199
2760
12439
9709
7535
7783
5938
4647
11590
11223
8993
12458
8238
5563
3478
4243
7373
4825
8833
168
3707
9506
2081
1210
10584
11163
1668
6611
5110
10456
10100
5962
3504
6810
577
10939
737
1149
10410
10241
5347
2981
795
2257
7880
10386
8186
11088
3843
2693
6463
2335
4448
2381
10121
6192
679
11229
11624
8872
6116
11827
12037
1134
1123
3031
8954
1429
4986
5038
3506
6225
6915
11091
7321
727
8711
12324
5829
199
2977
3079
2769
2417
3994
7766
1514
1124
9189
6884
10261
2007
2024
1538
4126
6019
3443
12161
1134
4850
1432
6758
6102
11304
11687
238
7919
5856
7560
9395
9980
854
5400
11426
5895
3037
9059
9620
9640
5856
1518
7831
4740
10602
7276
1499
4201
5377
6966
1302
9783
9050
11190
980
11266
8719
9477
3964
3230
3756
12347
8158
6064
12293
9403
9408
9107
3097
8143
1089
9459
6322
2521
7777
3332
6101
2019
8000
4029
10188
8537
2542
11389
6258
12111
931
2164
4420
160
9676
6060
5096
6391
5885
6009
5859
1767
4946
1199
10368
4892
1105
9734
5878
4343
3461
6530
3413
10147
5166
6701
1477
12434
5542
7719
9805
9268
12306
182
8473
7244
4688
2938
10967
7528
4363
12431
9136
1769
9973
4334
9572
6802
6161
5296
7432
5308
5512
1915
8650
6900
11250
6772
7494
2975
4583
5162
850
10665
8704
9091
1961
4764
5225
3124
205
10666
11267
10849
12479
3530
9893
1645
175
832
9628
7175
6274
246
287
4497
3757
10391
4032
1573
8493
10415
7943
7992
2946
11701
11581
10970
5564
882
2373
4809
1577
3037
5092
9266
6541
7162
1936
5121
9507
9606
6597
6662
5847
9907
11388
605
10379
4208
5335
4070
733
3652
7130
2289
2724
3275
7904
779
4449
11422
8581
11793
10958
4820
5598
3237
7653
3521
10455
9094
8455
11410
4566
11387
3818
1282
2145
5538
314
10977
592
1356
8047
10803
4076
10425
8406
2804
6542
3266
11757
1158
672
10584
1026
7304
8203
1028
4309
8151
5451
6859
6252
8740
8114
1822
11585
8243
10970
1442
1131
2367
465
5971
10831
7225
3746
156
744
7673
7330
4850
9478
7190
9837
7298
10738
6481
10361
9014
5578
1118
1229
4662
5527
6232
7603
11807
2690
2255
11339
164
4333
5101
2136
9391
693
7201
12253
6300
3559
8048
284
9136
822
602
9880
11562
11403
817
3583
5104
10381
1957
8364
13
1139
8303
445
4599
12121
4439
9966
10989
8833
7167
518
4378
5054
446
6605
3538
6728
4061
5455
10029
835
4592
3841
4925
8852
8541
404
1874
11171
6235
2282
2376
9236
2124
8252
4890
6757
7654
6679
11620
10582
1794
303
6155
85
5503
6509
10957
6711
46
10875
6321
9002
10834
11678
9046
4462
8019
8247
3581
4035
8093
12318
2598
4886
10641
7641
2931
4694
1716
9281
11574
9882
6335
11947
11540
4289
10186
4841
3349
2032
1947
7662
11126
7860
8461
5874
10901
2945
11706
428
11237
11906
3098
7585
2490
1976
10205
1270
1943
10361
3578
6263
4996
3264
11801
8938
2667
11387
138
4757
6776
3179
4898
1549
2088
431
1193
7238
8924
4767
9239
12485
5488
1288
10544
12167
6785
11249
9457
9565
6584
8917
2898
5488
10953
8183
2667
7862
8558
12022
3208
12014
2808
6949
6152
8059
7009
1549
5498
2060
784
2967
4845
9675
1122
3593
776
3708
5220
12133
2153
3917
1931
3072
10673
10359
281
11910
3096
6404
10263
5830
11179
9402
1560
9725
9677
11039
7636
2485
5159
5236
5752
7398
8782
3618
4072
5722
4366
7361
7408
11458
2642
8924
9869
11790
10084
12236
8776
8292
7778
7598
10953
11593
4296
7453
4287
7942
8116
3897
6415
2237
8572
2735
6975
9416
10665
7032
6790
7055
6287
7058
7545
8234
11496
11304
3188
2256
12032
2270
12141
9941
2263
11843
7206
10060
6783
6658
3102
1330
11830
8629
10106
470
946
5171
2887
12406
1950
453
1126
3052
5447
1721
2005
721
54
2719
98
5492
4265
2032
8410
5846
4255
8974
12473
9229
8028
9415
2634
4007
3931
5461
7725
10157
9451
7075
7288
6326
8418
3282
307
11579
1144
9090
4495
543
9838
6486
10007
4064
6561
10110
9564
9799
220
4260
8714
4472
5197
6158
4378
5034
10319
9618
11620
12485
6496
4348
3769
5478
7930
6271
9573
984
1726
9331
4703
7665
4479
11931
11890
1543
11907
11069
9946
6321
8396
10426
9938
5191
10861
2817
1129
2261
11403
7772
1261
4026
9969
4509
6547
5491
2717
4529
8633
290
537
8581
8073
3389
12057
1049
12492
5766
6767
2836
5627
11749
12172
5299
4090
8570
6909
11077
7116
5114
5143
7313
2081
6454
8071
678
10196
12470
5385
6399
11325
7379
2436
9656
5785
12315
2353
6550
5634
9812
2824
7862
7993
8567
2146
2011
4353
4670
420
10476
11081
4139
9913
3520
7647
5724
6501
1620
7818
11380
3353
23
382
368
4011
10747
9314
2517
12014
4275
6217
360
5444
9804
2290
9780
11819
6013
4309
6060
8824
5526
12050
7408
7817
7186
9966
11415
2010
61
5815
734
11232
6753
6460
2801
7481
7625
4557
3898
5196
1837
5156
8644
4260
10722
11194
109
1230
10366
6404
488
9810
1758
2556
10327
472
5473
5050
9324
782
10398
507
11953
10960
5484
1628
11191
3345
11989
2299
4194
1456
412
865
6988
370
3407
3148
9595
8491
9857
10186
4143
6157
5327
3423
9474
4197
8632
2329
2008
2575
7732
3116
7298
1330
5702
10184
11276
9095
4
9264
1741
8067
2211
11531
9399
893
8068
9957
9565
2326
7955
834
3425
213
8864
5797
5633
2061
4653
6995
7212
9660
292
1619
6224
9796
6067
5659
7168
5722
4372
501
8488
593
8445
8576
3946
6295
6524
8582
8629
11175
5264
12182
7120
6899
12190
7086
4965
12405
4551
9215
4442
5509
2053
4581
7776
592
5308
12103
7326
2409
2790
3844
10453
7454
4846
2833
4267
289
1851
11838
8037
8571
10865
8537
4397
609
6998
11824
10105
11481
694
7262
1171
7657
8558
2979
11039
3865
800
3354
987
6920
1256
6220
8385
1420
1730
12165
2054
9357
2819
4677
10554
5213
1179
8371
7143
6016
185
7168
6094
5984
1998
8345
1715
8027
2674
2797
11395
1867
4293
403
11988
10997
10851
1117
7315
4645
152
2977
11379
7332
9770
749
8662
8516
9208
8457
6478
188
8336
5024
3680
6131
9760
7503
4923
5410
4505
358
11246
11433
771
188
5064
2416
5189
12057
6861
62
1056
2498
5864
9707
8289
11261
8713
1250
12182
5699
11319
6716
8818
11208
6031
11769
9223
5857
1237
3349
8693
1906
141
12293
4231
12446
6562
9583
8184
6246
3328
9650
1597
6416
11631
5838
11660
6472
10342
10999
11289
3674
5727
11306
1539
4530
2615
2062
6656
5795
5693
11831
10820
3512
3868
11650
2358
6070
5477
8343
4699
11629
5565
5937
2371
1669
5119
2402
12077
194
109
2751
8015
2738
4560
5020
8678
1334
10755
12200
9831
4501
2928
2389
554
3997
11329
10584
2548
12481
3480
5591
996
2000
6301
12160
10608
12290
8936
12369
11911
213
2485
6463
5687
2943
3816
8083
11452
11348
2973
1025
7814
5776
11011
198
8702
3177
5383
10874
2839
7035
12354
12096
9213
7018
1755
6016
8937
4899
6912
8887
4898
10885
290
9618
2017
8964
9202
10110
181
3247
11632
3700
9508
2456
10276
7719
3488
6103
3459
7432
6907
10561
9531
4877
359
2889
9750
11168
1188
10300
11646
6553
4437
6585
8626
9428
5487
1393
10681
12237
6474
7772
10693
12092
7902
8654
2588
6757
9241
6536
2528
2834
1441
11979
1981
6836
1355
7913
9260
11627
11714
10533
8923
2380
4100
5079
11763
2924
6330
848
2233
2095
7921
3721
958
11635
12368
9938
9474
4204
302
2993
1928
7152
7773
8812
5113
4957
4605
1791
8074
10073
4633
11553
523
8440
11349
8313
7993
2824
9391
12163
428
8393
4303
433
7413
10219
11021
2845
6967
3917
10939
5056
11326
8721
8606
1772
7107
7787
12466
6806
10819
4540
5274
4660
9962
8867
3198
5017
286
4055
1946
6650
7313
638
2566
6035
2849
7340
1400
7393
6435
1760
7323
4158
11634
12076
228
4302
12334
9577
1206
206
2858
2585
1344
8388
3119
12143
2971
11045
7022
6005
2560
2912
1971
4289
10243
10688
6155
2571
11423
12267
6387
5074
372
9060
9716
1117
5526
10385
8640
11396
5183
3209
2850
1740
3793
4728
11794
6678
2916
3205
4369
2855
372
431
11699
4411
2187
7345
1834
2039
10646
9763
10654
1438
6319
10284
2214
4783
11171
2003
6618
5085
2405
8125
823
11851
63
232
496
5515
11394
11977
12155
8218
7899
3533
4702
12440
9860
5306
11429
10680
8552
6602
750
7919
5054
1412
7921
6009
2515
7011
8007
914
9087
11783
450
4746
12108
12348
4348
1956
6849
8818
3144
11169
10108
2437
6039
2786
5582
2273
7423
5865
3073
8437
9032
8303
7376
5403
6797
11151
4810
6987
3001
4383
3971
11242
11631
8615
3084
12456
333
10011
959
9474
3831
12234
3458
2081
10310
2618
7872
5135
428
242
12088
2142
10341
650
2751
4646
9870
6705
5552
5696
9645
12362
5817
11261
7198
11366
3306
9924
12202
5625
1940
9911
4907
6098
4607
9298
4845
5295
7593
4180
3280
12174
6559
2759
4795
1829
902
10981
5864
10937
2587
6128
4460
7762
12328
3969
6417
4697
7382
11444
11811
10448
5433
7303
10802
2177
9734
4243
8543
5953
12301
4575
11612
1372
2417
9970
5803
3059
6467
5369
10464
4824
4060
1266
3038
8312
5451
9645
6270
638
2881
149
10412
8648
4869
5331
6742
11756
4457
2618
4594
9159
2439
12410
11136
10512
7015
3089
5345
2358
10665
3359
10730
2014
981
6988
6388
4167
4265
2490
9226
90
10472
7905
3073
12152
6662
2965
9003
9586
3229
6546
11101
3849
775
1306
2386
4149
2630
5026
1297
2363
4300
3913
2472
12021
1919
8399
7668
10381
11443
2576
7492
1967
5892
4504
11186
7033
9338
11483
3850
4051
6585
8259
11629
4119
4757
6881
1239
12174
4602
2239
1538
11739
1193
6863
8290
6560
5433
3551
10233
10763
7797
11122
10643
654
11554
9135
10457
8770
2619
7852
7311
3646
1176
9746
8278
8540
4783
10852
7264
7538
7161
7993
5779
9204
1038
8253
774
11528
8714
4627
1601
5787
1251
5587
8754
7963
10116
10976
5065
8122
8923
4968
9555
9250
7428
10392
10563
3947
11084
12249
1777
7080
8787
2695
3602
12303
5344
1439
12115
3302
8361
11428
57
10492
6251
1525
2396
8089
993
316
10924
6307
5788
11642
11115
2194
10938
9028
1776
3146
10189
9327
445
8964
2850
7020
9500
11055
1985
8951
2619
8677
11360
1763
12261
9994
4911
11562
2999
5904
7997
2474
2954
10769
1326
7970
1293
9644
4080
1409
1366
8815
12162
8970
5612
11533
10984
3593
7643
11731
4525
3840
6104
4542
10196
2247
7447
4026
11881
1121
9782
11875
6029
8372
7649
7716
6373
2175
7638
7380
5728
12355
6975
577
7585
6303
9014
2390
8650
728
11509
1319
3920
3768
1380
4157
8869
10912
573
11579
524
9766
10263
2959
4127
1990
2787
3790
1322
10396
5160
8810
8454
264
6004
4669
9365
5528
9456
3893
5732
5057
7875
11153
2111
8463
7956
2262
6993
3492
11346
7960
1602
8559
6857
8461
2092
4016
8950
5595
3517
5225
1069
10754
8067
2700
5365
3656
10263
9210
7291
3342
1457
9180
5847
7966
1892
11610
849
8163
6534
525
9297
10329
11550
9699
7208
12394
5907
10043
2578
5349
9078
3861
377
508
3988
9621
3086
11911
3099
4300
4498
10283
8701
8005
6504
4922
2713
11390
6570
2982
3168
787
11560
2992
8427
3239
11703
10868
7991
5471
10249
221
6632
1942
6763
10095
8803
5340
3978
4771
8524
1437
5065
2235
8526
11513
1629
3546
3196
2287
9682
7017
3473
12096
2182
8291
4800
9884
4580
750
10417
4718
3920
10127
6550
4278
3651
6759
1242
8908
8618
9872
7412
1800
6957
1731
8222
9326
6966
9414
1611
8158
7672
5705
8288
3233
9247
7036
12260
10971
5296
11419
760
3229
6853
3807
10016
7437
8184
4249
7862
7369
2304
6787
6168
12309
12104
1674
5139
451
70
7974
2919
7665
11638
2260
9545
10715
1840
3318
7530
9114
6999
2770
3613
9699
9112
4183
7446
3150
4215
786
1143
2717
1552
6741
5854
886
12036
8479
3628
7573
1897
11809
10902
9822
8500
5594
4090
4594
6762
11801
5598
4866
9218
11248
371
12033
3175
8969
3197
7921
6728
1990
8736
11783
6831
202
6114
4898
8905
8660
11178
5860
12189
12457
7218
7689
4367
6290
1199
3518
94
2853
8888
4913
7688
8776
5999
2804
6371
6320
10210
3068
5282
8206
846
12407
3074
11619
2991
8299
11980
11692
8189
10602
624
12237
5177
9261
4030
5182
7666
9385
7770
12178
7828
3876
5601
3823
4095
10555
6703
3311
11027
2585
10950
8110
579
3983
11611
7310
4615
5248
3300
5400
4038
901
7164
10786
4290
7951
3600
9237
11273
1189
11154
826
7798
5603
379
9470
6806
11750
7524
4935
1597
8670
666
5604
12151
5013
11658
1194
10149
9219
567
2419
6085
2371
8141
6928
9212
7315
12033
8644
6956
9965
4537
9838
3931
10124
313
7475
3605
2142
505
5365
10224
10864
3803
7868
236
1560
11134
11776
8792
2406
11588
2054
623
8735
7240
5427
9962
5950
259
11991
12216
11379
10479
4132
4133
3327
1674
2027
4701
4184
10088
8008
8715
7701
4695
7721
11068
274
6692
7653
8681
258
12351
4550
10877
2483
9215
7695
2885
7386
10013
10154
1884
1014
5648
11344
386
12171
3735
9408
12385
9107
7075
4609
4818
3580
5839
5421
4041
12018
6859
9688
11758
5106
3311
11959
11528
5929
5755
1651
6612
6479
11642
9815
6670
12433
6124
7702
2054
5851
7336
11396
9038
9783
7767
12073
5682
7743
12232
7297
9144
3794
3655
3366
527
326
10896
9278
10203
6189
12316
6956
6416
2085
2797
5906
9965
9760
10439
4884
9956
10637
3368
10690
4683
7962
651
1975
9838
3737
6277
3785
6197
10958
5006
2818
2825
8276
9288
6345
1537
9346
9999
8364
6034
380
4980
6954
6986
1861
2109
8421
9804
7348
9840
11006
426
5464
11183
5065
12174
8921
11940
6466
12412
8531
760
7958
9578
12478
3082
1689
473
4094
3347
610
638
7504
4656
4303
2982
6197
7488
7977
1629
10355
6481
11348
1118
6499
2392
9860
9593
4223
6670
5116
9905
3533
8452
10003
12120
9522
9875
7007
11279
421
7948
5710
4001
9230
10369
5422
809
6880
2083
5978
1433
3964
4838
2057
2051
1911
6841
3079
10087
5722
4595
8750
9924
10731
3205
9605
11551
7153
4682
5960
8821
482
9198
1208
2407
771
7347
4387
8630
9470
9052
2714
2140
692
3683
5942
11195
6395
7952
10210
2682
6796
9420
5558
8325
11698
8285
5770
6026
764
6371
6155
2198
8623
9656
952
7266
3630
12149
1280
7063
2454
6948
617
9169
1882
6610
9232
7049
9762
10909
5156
11700
6972
3279
2026
3561
3640
5383
3208
4985
1578
10860
7866
3099
2897
516
6016
3535
2731
11176
7565
6745
6673
3147
228
12347
8803
8888
6443
5089
11552
11221
8764
2355
1215
6955
7726
5345
7631
9891
3626
10746
8942
8794
5486
4093
11582
10018
6273
1367
594
5698
4318
11085
3345
10910
5027
3825
3051
2178
7257
7252
11440
10619
5932
2857
2097
5512
1885
8441
5290
672
8403
5340
7551
9318
10303
10378
10161
8634
766
11285
2616
5077
4495
5855
6904
10179
11509
2804
1928
3901
2295
5454
2634
8873
11806
10822
2862
2630
1997
6070
8133
10331
8576
12422
9794
11477
3534
6526
607
7149
6164
6916
1413
8471
4637
6363
6125
78
8453
4417
6502
11580
6513
1389
10877
2950
2706
11178
10012
11981
7516
7532
6638
7196
3153
4784
9000
4573
8561
7926
6646
4984
2197
7279
10236
7878
4041
6663
4237
5443
4698
2785
6676
10080
12067
9053
3818
7187
1546
6844
8771
4856
9013
1126
12132
11132
279
6716
5319
12352
9863
1553
4016
527
10271
1519
9383
11734
3653
3000
11409
8543
6941
4569
7284
4732
856
9058
7628
6599
967
1813
3027
1718
11655
1791
8471
1072
7647
11604
7599
9825
1344
4385
8080
3146
11268
6150
12308
10549
12169
4584
3535
11046
7935
228
10414
4444
6342
7400
10277
3721
11587
11219
11385
8050
11025
2299
1372
8481
5547
8312
4087
4549
7900
1584
7200
2557
8989
4138
5963
7205
9249
9579
6930
8883
10778
4481
6282
11427
3876
4027
7230
247
1327
3878
10737
2625
5499
31
4621
8970
4778
3828
5002
3858
497
11486
3146
6351
5528
7857
7955
2204
1438
3072
6972
2009
4290
2503
9771
6544
8516
2445
4605
1521
1083
3841
3222
4022
3347
4576
9558
8959
12017
9493
2427
5422
4578
3072
8386
11792
1336
12431
5900
8519
8571
5026
11309
10755
9406
8729
10834
2996
2759
10576
454
2334
11722
3481
2776
9155
8265
11624
3004
953
10799
11496
2686
4445
645
1550
9930
1218
6616
10479
5209
8585
9045
8586
5449
8556
5032
4967
7115
7118
6241
6562
6200
1441
9039
94
6199
1097
297
11730
3527
2211
9427
4947
10220
9575
2341
6865
10110
7856
11298
9617
8879
4779
5368
4369
5789
3136
10531
6719
4124
3298
4509
8386
7211
4237
5297
1245
7905
552
7851
8833
921
7385
6952
2998
11657
4098
10866
8374
6216
10667
7356
11758
8319
9123
10182
1421
8573
4670
6804
3063
3066
6077
7607
230
10202
1041
10236
5983
4279
1096
11459
9558
6
2465
8697
1495
10327
2370
5212
1692
4770
2157
504
5957
8442
5250
68
10587
6554
3876
5172
3236
6247
4788
5768
7343
12278
6723
5296
10616
6361
4883
4096
5120
11707
10298
11753
5854
427
8688
3594
6203
11958
5113
10793
909
5574
1650
4288
4952
974
12148
11929
403
8424
8224
3312
7717
9197
1354
1716
3604
9574
7095
7830
12386
10561
7883
6750
10644
5997
6713
10161
10365
283
11468
3777
1135
6495
4860
1770
10629
2436
344
9642
6713
5454
3693
9196
3484
6986
4036
9157
11573
6973
12489
9128
4863
9782
10906
2848
10190
7400
6144
11455
6761
1988
1564
121
9455
4447
2177
1223
4337
12084
3587
1169
9230
9953
1118
6933
6868
11186
3266
3658
1961
10055
11087
3393
293
2340
11414
3852
8088
2013
4079
3229
8792
1389
2882
4725
3890
3573
12241
11536
4810
2813
4821
11989
3386
11321
12397
7410
8665
3974
8479
11503
4134
2486
9494
9205
3400
10671
12328
7115
5533
10825
5635
2324
8005
358
4876
7842
7071
8892
3043
3295
11445
4229
11348
11648
5235
11598
7
1471
2443
4005
7687
4114
6033
5075
11594
6306
4395
6177
1325
5718
3744
5126
6004
6484
9678
2497
3984
3029
6446
4556
339
12272
932
5184
59
12404
3638
10346
3970
4302
10665
10857
4673
1528
3139
1521
8791
2930
1264
11069
3448
895
7568
9824
12051
6320
10725
4864
1970
2739
7614
9478
7525
10386
3666
7914
3183
850
5017
11690
2668
6549
2207
9523
7553
5387
454
4476
3346
8157
6206
1055
1765
7876
1109
11944
4705
3607
5633
6239
1680
11274
8376
1232
9187
1188
3333
6786
10362
7724
10838
7942
10412
2074
8402
9399
11187
10544
2272
6664
5866
6249
1518
6313
9033
6560
7713
12148
9278
4221
3210
12075
7716
11278
10010
3894
10673
976
337
6366
2054
6167
6614
8121
9818
10764
3142
12191
11974
4210
757
6661
1335
11468
373
7931
9756
2063
4698
2627
5974
3684
10007
6141
4515
11262
226
11634
4563
4509
11225
10212
10207
8406
4611
12199
12134
5896
8995
10769
3418
8021
175
5069
3465
9048
10741
8747
10906
2079
6637
8610
8777
10209
392
10869
8659
474
3607
11055
10538
4008
7629
7466
5484
3045
8953
5429
6858
673
8296
3861
5568
6429
11709
10453
3510
4938
2677
7966
522
3978
728
2484
10372
2616
1436
12497
8015
6242
3540
11661
2290
10439
231
11910
393
5209
12085
420
96
5312
1890
10233
6282
2777
3043
2348
11000
2438
7360
3721
10297
8140
10534
6560
3280
5145
9594
2868
1610
8955
9914
616
9633
9135
1571
7629
6198
12298
10061
10800
5353
2257
7871
7710
2089
2995
8701
7595
12072
11587
1498
5577
11382
12318
1365
6650
12405
6171
8630
7747
8115
9217
11310
3640
7898
1274
601
9647
1206
7914
8650
11201
4877
9059
10868
8040
269
2824
4472
286
8943
1999
3296
2523
7458
4338
1734
9814
7771
7420
7724
28
3669
2314
2686
8635
3447
4232
12312
815
2395
11554
6390
4159
2937
2796
700
2323
1451
5824
6382
9581
1700
8345
11303
6117
5922
8788
8681
3561
12039
3286
1876
6286
190
8623
7533
2563
6373
2234
4594
8536
3012
3657
10390
9889
8109
11636
12085
4663
3638
11910
8364
1947
1038
10642
10827
7823
3510
9069
2713
7159
8051
8752
1275
11609
9679
104
3969
6814
7763
10636
8450
11717
1231
10346
6569
10542
10454
1415
10508
6786
9202
4018
12422
130
7421
12428
5248
2048
10295
12209
11553
9803
12020
9935
485
6760
2383
11281
210
8005
7667
5271
9400
5501
3461
9147
717
3192
4074
286
9869
2095
11061
8427
10456
4033
8829
1146
4188
9750
7356
1922
9019
8053
11583
11146
12196
3796
9861
12308
8160
11673
1205
2503
11619
3931
7118
6921
9168
10774
11711
2056
10473
10009
2341
9458
11242
3594
11978
8951
10431
1237
7094
2960
649
5745
8752
1347
6418
4814
9450
9421
5831
4265
4626
10696
890
8558
9307
6525
9415
1908
4477
5913
10538
5300
3949
11509
5713
2125
12404
8603
4317
910
1878
6923
4579
10745
1854
5874
7679
5771
504
4355
1325
2291
8725
6209
5384
4145
8568
2684
6786
5454
12036
8523
9260
1182
4922
7849
1797
9743
8134
4293
4910
847
5105
4921
2387
10203
6117
2645
6704
3434
11346
3644
1405
123
4589
8248
9074
10239
6125
1569
6056
9720
1818
11362
1373
5855
10162
3398
5824
6505
4078
10435
10137
8711
11945
478
9686
3805
3822
7681
10527
5924
8479
3352
6608
8393
7119
9138
9093
9174
11274
4057
3618
6565
10736
7689
11529
6242
3548
9031
41
2720
9320
200
11855
911
6006
5194
677
4111
11061
5270
6418
10943
3541
133
1242
10965
4755
5480
11236
1025
6805
9150
7731
21
6818
3572
10474
4257
1449
3444
257
7290
7641
7808
9103
8280
3996
5698
2387
1925
8461
4982
10612
6004
10139
5174
3025
10604
6447
564
1487
10567
10295
11515
8414
171
4968
11835
6592
2434
7219
8920
2662
7618
5013
11627
3303
8232
3529
5461
6969
11557
3093
9311
5063
1823
11038
1727
2382
1644
548
12369
10309
885
1957
2189
9495
8625
11894
8933
3312
4661
11605
12453
7205
12041
2321
2994
991
11012
1872
7293
7076
987
6095
2430
7475
984
6453
6592
1633
3242
9453
4949
1887
7349
11111
1777
5661
2825
2132
7178
8838
7096
2150
2308
12452
3140
2106
5522
12002
8044
736
3870
12271
5754
5294
9322
7290
12027
7214
8512
2173
5302
7300
71
7708
6656
10566
12355
931
544
9833
10666
8880
7194
10954
12480
11337
3787
2478
4336
11377
932
7089
6089
2506
5583
5178
8632
2056
1789
6987
6133
8110
6119
5006
3536
12295
2080
7100
5796
5073
2251
4592
11459
10710
2570
7490
5078
7300
5314
10485
3504
9550
2879
9635
1242
10712
1212
10064
2125
1479
1935
10300
11642
6056
3700
2556
2761
2189
7419
185
9258
9187
9181
11762
9127
8839
8130
7878
12436
10593
100
1333
9241
3803
3483
9083
5232
8984
3765
5323
11084
4515
4975
4318
3139
4450
5450
5403
7010
14
4729
2890
12381
5130
1228
6817
370
3616
508
4902
2583
5833
10127
4032
1379
602
1060
7839
2574
7117
9824
6276
10924
2096
1601
4743
4212
4863
8623
4678
3390
2727
869
12423
5865
9710
1452
4112
2575
9166
8714
1616
8476
11362
2741
5251
6887
943
2940
2537
3390
10110
2830
12393
2690
10952
4465
10285
3530
8985
2605
8006
7492
8330
1512
12355
4965
10204
10667
4168
11650
9448
5265
5908
10902
8208
10300
12061
11854
8849
10355
3269
1924
6087
1288
5780
12397
975
9733
7412
5245
3666
582
6090
6561
708
6624
146
9851
2886
287
9182
2776
11271
3387
6441
4846
9421
1491
6981
653
4904
10931
7180
11129
11836
6083
1406
7043
8231
12457
3990
472
3255
11423
7985
8866
11675
11847
10195
1585
10154
2210
8969
8562
1173
494
3152
2701
7346
935
2976
11983
2752
6760
341
5234
5902
7460
7224
7124
5218
5603
1621
2928
8797
8711
12020
12348
7901
10075
5671
10074
3796
5397
2999
2695
1963
11117
9957
11343
2932
11205
12196
7297
9481
4506
10219
8995
11082
2751
2965
4215
4623
3071
8866
4551
589
6041
12265
4962
973
3304
7299
9771
7764
5401
8188
9854
3762
10146
3272
7284
10002
8381
4193
6513
5907
6824
5947
4291
10992
3026
1267
5151
7111
1456
5452
726
9031
10947
2106
8421
11352
4995
10370
12128
3907
2426
12032
4080
8818
365
5234
936
11979
8180
6713
8741
11377
2354
11144
6265
95
7975
6470
10447
2038
2149
2660
6309
12449
7463
824
5314
8041
7350
8432
5007
10510
4565
2607
3481
7291
1867
7972
10627
10291
331
5671
11430
7243
9211
1848
6677
12303
8341
8327
3377
11025
12423
10091
1758
12265
5724
4131
1356
12040
12419
5395
4629
12248
1706
10730
6813
12247
7663
11473
10728
3
8342
156
1707
8977
3730
11566
3239
5616
6646
5511
12200
11523
5055
6482
10587
6974
849
3716
1568
10235
6617
11086
10371
7435
1043
11681
5537
10980
7534
6930
4640
9367
10099
3374
2684
12267
8384
5281
8535
6658
893
8240
5394
6909
5695
5606
7194
7724
144
12339
11399
3948
9906
493
5886
9755
2285
6772
7934
4549
6029
4758
10581
12216
872
2833
1424
1681
3798
10819
11089
8067
7680
7410
9343
10876
5693
3463
1740
7937
4487
10313
10837
7694
8031
692
11960
9606
9988
5428
9983
1613
9846
3987
629
8634
10158
5678
6038
2862
4182
5514
3926
1824
1250
3332
8768
2497
3650
7509
4063
11322
5032
12497
62
8215
6421
2887
4186
180
3372
4318
4193
10869
837
9477
10720
3693
6781
709
719
15
9925
11378
3755
11473
6388
9014
6445
4699
4424
9464
5957
2479
1366
11161
9081
9849
3926
4914
2214
7271
1493
5858
11989
12364
1322
5557
988
4273
5112
5075
8215
2941
6791
4048
1398
6154
8742
1088
1828
9907
8942
11986
8255
6408
10860
1714
9503
2175
397
872
12267
1868
10995
5948
11022
4067
11888
3891
10152
832
8026
2173
12087
11849
1250
3017
8188
9818
9764
2927
1107
2838
3087
4807
10828
2006
10103
5582
1505
12107
8553
11312
3876
4241
5307
6348
4446
844
5525
9830
6766
4852
3436
997
1881
6770
12399
8905
5159
7844
6026
12185
4911
9969
12264
9429
11281
6188
7619
9017
6463
6306
2387
10545
4778
9214
10796
7847
6542
7401
11070
7344
4293
12433
8661
8755
11902
2090
2927
4059
2107
1198
424
6160
6081
8867
6401
6406
4476
8377
7567
10757
5724
9008
3368
460
2465
5391
8718
5166
8473
4552
2364
10257
9273
11181
7893
4978
1308
3509
10027
9191
3262
3561
6911
5266
5882
8726
4464
8411
2813
4390
3371
10664
12334
313
1620
7785
9066
8202
6291
6512
5872
10260
8085
10054
11334
2666
9387
7399
975
1424
5098
968
10850
10876
7495
2164
2098
10601
7078
6239
927
307
2354
4084
1181
4199
10423
8960
9561
108
8411
5606
9718
3516
3319
5502
7975
9356
6431
3216
11839
9565
7437
1389
11791
2403
12314
1458
5318
11956
5688
10964
1124
52
5585
5566
7906
4002
8874
7136
4743
427
10337
867
5513
11992
3750
7335
7558
1994
6689
5242
4171
3862
6899
3862
5370
965
4792
11277
4384
8966
3643
10105
6920
9947
4483
9666
10430
10252
10095
3974
482
11795
10973
11413
11727
6570
8376
12299
11153
4980
6400
3324
5267
447
6794
9762
5653
1724
196
6942
11709
10096
2752
8277
9283
233
6447
8065
7509
6583
9404
9805
4398
2715
4760
4875
5389
7986
4635
11299
5088
4992
125
11904
2566
319
4838
6474
3154
7220
4014
8706
10056
3154
4764
2886
9043
2696
2130
11494
124
311
4790
4570
8075
9094
11426
2553
8187
1919
4374
10167
9589
1397
1854
6718
9972
3348
5711
8964
7894
12473
4912
290
2570
699
12248
1245
10450
1874
8332
2693
5856
5640
11176
4778
202
8054
3829
5971
1393
2286
10787
1235
2847
6347
11617
8660
1300
10546
5414
5695
9485
5665
3601
151
7898
4501
2001
7377
9346
10181
4602
6313
6086
1681
4311
3950
2720
9576
6517
1918
12019
12239
7571
5608
1687
3678
9942
8723
1581
3589
12444
12404
8959
2637
5707
191
2039
11026
9379
8200
6054
8951
9125
3712
10183
4474
7648
1166
2036
7668
5940
4224
4030
3496
6176
9745
10593
10492
10964
4221
7058
5777
5796
5758
10236
4698
9853
3450
8474
4120
1911
4194
198
10816
8364
3068
3115
3860
7925
9712
8529
8777
6687
6413
10148
8221
8375
5464
8961
8462
2097
4047
62
5158
1143
277
3155
3368
5975
5485
7120
4199
5192
10416
5757
1746
4027
5713
7631
3108
6631
6734
2568
1252
8192
10781
11589
11883
8109
2015
8823
4390
6988
12
2023
10364
4133
7539
9674
8088
12413
12246
10385
2440
2592
4330
3586
8771
657
8402
4195
2662
10332
5854
1831
7863
1479
11310
9465
2862
1187
3772
7758
3960
9162
2731
9711
5180
8393
7893
10113
8987
8539
12043
3195
6884
8848
129
11159
3863
7195
2819
11227
12206
10320
6162
6558
1135
10680
6659
8885
5322
10573
6813
6901
8641
4489
6425
5777
12361
7119
10905
378
5263
10789
7708
6622
10788
2660
7447
11515
1351
151
5603
8166
10868
5045
8051
6140
3001
8673
8576
6999
1735
11508
4791
10913
1727
5143
7053
2396
2424
6851
11297
9244
8790
2441
5964
1418
2613
12039
8269
10975
3234
7644
7534
5171
4971
11147
8533
3597
8937
286
2777
3689
11042
3906
11143
6255
5998
9294
4896
5646
8106
5052
9092
7000
1354
8859
11875
8427
11580
6634
3528
3461
404
10100
3766
6590
3974
12119
5943
3080
9110
3456
5958
2138
4074
7609
10701
4884
3798
12209
7919
5819
7144
2624
2869
10682
11052
535
3818
8611
11771
106
4516
2304
9258
11816
3286
943
141
4553
2281
6378
3351
1816
9036
4650
11593
6954
2927
6245
10658
6992
4629
11871
11214
10208
8816
10279
7232
5584
8038
3440
8302
9831
3809
9004
11440
3655
5380
4757
4323
9759
4743
11744
9928
1542
2468
5328
6088
10718
11588
4099
10107
10073
10453
4779
7977
5145
3589
11549
3000
5506
6211
7056
9015
11341
10576
6019
10507
33
5710
7938
1575
10669
1922
900
2249
5384
1943
9673
7741
3489
4192
9013
6495
3940
5832
10728
11877
11529
1028
6295
66
6330
1758
11317
3549
10186
2730
11087
3465
8948
7320
6056
5009
3651
2524
11938
8152
9554
2531
2593
3203
6416
3809
12011
1314
9697
562
5076
5509
12347
6642
11478
11504
11915
7872
7744
8911
3104
9850
4562
2655
3355
6208
11292
8668
10636
4004
2845
1416
6394
2576
2324
8999
10935
3093
6150
2522
2247
10004
6351
9625
10153
5579
3617
2307
8342
7051
5594
8278
7279
3027
5049
12203
10468
12437
12347
209
5016
3343
3177
5694
10216
3661
11615
9772
4318
2480
570
8822
1723
5223
6665
5600
3500
7436
5001
10276
2591
8986
327
3586
10910
7067
6636
3367
10027
2620
11030
10997
3246
5941
10006
11403
6827
658
11908
6493
6463
6345
10488
5862
6481
9271
6555
2057
8861
11948
8704
3032
7436
2071
10118
8530
3017
12091
7283
3150
9524
8248
12244
1699
3950
2073
5577
8281
7717
7762
11272
2843
8027
11008
3813
8745
10997
6964
9605
1640
512
4579
7005
10579
6416
7998
3561
1176
8323
1477
8387
7236
5874
8759
9468
10715
6601
8790
1913
4409
3695
10773
6840
1100
676
5861
7504
8928
10757
1373
10032
8552
2487
5644
2639
4945
1244
1666
7783
8451
11011
4401
12458
6240
11874
4037
9468
11768
1540
5598
2145
2208
5052
5196
10444
2238
10239
5905
9903
555
494
7132
2918
6950
3944
12334
4750
231
6121
4524
9471
4936
1007
5961
5897
11793
10815
600
1725
9139
8892
8236
7389
5159
11728
7825
3501
9790
7699
401
7206
7838
4263
7228
7957
3880
1484
5508
2297
12040
11787
9238
5648
9516
8626
9709
1201
11590
11799
11150
3923
9639
4181
764
4163
4758
12243
10258
7722
8619
8834
7459
5031
5721
9817
1634
674
6278
10503
2017
10310
5307
10803
2185
9851
12153
2589
10373
9032
2020
6624
4410
10490
9049
8978
10066
3658
3499
3066
3200
4137
3725
10286
6177
3206
4328
4208
12427
12198
6993
9036
7423
1087
9782
841
11115
11336
1996
3413
4509
2170
1870
1226
5703
1996
4424
9469
8482
9242
12250
10476
9674
3212
7304
10380
6585
7521
4626
11478
5524
7946
2662
10674
2040
5484
11701
3324
708
8208
10362
11230
1662
87
11057
1031
2267
2499
4583
4182
11282
7359
8226
3185
12448
9016
11861
4211
6283
11901
6755
3594
6710
3017
10389
9062
12007
3696
11686
220
2794
1100
8761
274
11380
1020
8814
9588
4655
6273
8114
4087
2938
445
197
10664
12220
11977
10726
5523
6122
7491
9541
1306
1454
6768
4521
11144
2198
1996
1523
11071
3313
4364
1388
10182
11097
7952
4304
11428
203
2273
12055
10
3788
2669
656
6266
2821
12224
9342
31
5469
6163
6597
7803
4059
7456
11320
4613
8999
10169
7391
2660
4750
9543
774
11074
11556
2515
12067
4268
7673
11798
5321
3850
7935
9531
10018
11284
6112
10754
8324
2473
5153
1493
5602
9649
10267
6084
6123
3641
9132
12191
2430
2533
7382
9396
7759
6745
1896
2082
7209
307
157
5074
4858
6171
842
2747
12368
7027
9938
37
11000
10744
1846
4918
10006
3258
3941
3624
807
5472
8891
8426
7636
7982
9368
2789
8967
11038
1772
3273
9389
4030
3545
8018
2316
80
9134
11931
8807
7520
6216
11595
6203
9095
1191
4185
687
2464
11890
4502
2805
10771
1275
1738
3916
4231
9937
9375
9302
10553
6280
1330
5255
6665
3147
6971
7199
6328
2602
9926
6623
4509
7316
5787
11756
9795
2224
11041
6791
5184
2102
6504
11648
9770
469
11117
2755
1808
4102
10585
2643
12259
2629
10754
1241
4886
6340
12038
5948
6720
9486
6858
12361
1964
10378
10795
3455
7988
2482
6620
2007
11396
2584
4119
8451
12275
2182
7985
6196
4529
4216
5391
2226
4516
7283
6864
1881
9062
4546
6870
3455
2686
5093
72
8198
7744
6643
9684
11892
2174
7663
7267
11826
9982
8578
3747
9675
11010
2303
1465
2705
10855
5842
1420
2505
4095
4633
7845
7181
3514
8914
6892
3442
8112
3166
11821
6304
2513
8421
708
5633
4997
8592
4023
9366
9448
6065
4744
8438
3537
9689
3370
6759
3082
4165
5099
9343
3674
10067
4103
3111
11297
2504
8378
5759
771
3826
3714
6816
9257
9943
7163
2590
1596
8332
10207
2264
1819
4553
5556
10529
12388
11907
3644
6325
5545
134
361
3947
10566
2479
2631
4946
4318
10096
6835
2493
214
10764
8595
5623
2352
10427
11680
6093
2527
781
5163
7249
6457
2836
7525
11620
4511
6074
3223
11890
11359
2054
215
638
3465
12267
8749
6778
7313
2217
10772
3999
1497
7715
2050
3555
8458
12433
8178
1961
227
10051
3799
4765
7470
5611
9989
7731
7453
3510
435
10743
6874
7445
3634
10660
10550
7958
2158
2584
1678
4902
11280
310
2508
1164
5753
11242
787
3970
3163
4577
10396
1262
11663
1309
10755
7950
5667
10354
2279
1019
11825
3803
1783
29
9625
6551
4081
3889
5505
500
10276
5594
284
7824
11270
3489
2257
6306
12357
11246
6945
3484
348
8358
347
5613
8282
2325
12405
2600
2291
4303
306
660
5577
7477
11027
2479
4039
11702
7161
9397
10965
2663
6801
4802
978
3839
2539
7266
5694
11860
10496
3532
6574
8341
3456
5925
12182
4012
10768
1757
3984
2905
10708
5973
5289
12123
2247
3793
4962
12277
2268
656
4085
10048
5018
10184
1557
8045
4635
4443
12286
5139
9406
2931
6307
9273
6586
9735
4022
5102
2797
27
934
5405
5413
8060
4455
829
12012
1355
1593
11245
2304
5916
9593
9840
11947
9025
3324
5771
4368
4137
11877
6326
1971
11344
5998
7778
12166
8516
5538
5011
12271
12359
9480
2241
12222
11180
4635
9458
5730
729
8532
3281
2851
1041
2836
3491
5837
8966
9825
10060
6412
10750
735
11160
650
7107
3434
6568
2063
9176
1162
3496
8316
9081
11474
2444
8936
7353
10118
768
4391
6365
42
3639
8104
8596
3475
930
8509
2508
1942
3200
11190
7978
11098
1521
11625
10819
1592
5115
7746
10567
7396
9053
12066
5037
7464
6270
2067
392
7054
10984
11347
9058
5670
48
10709
9595
3056
4553
3632
2505
10559
12054
7235
10461
4805
339
10482
9953
3319
10616
5761
5003
5521
6324
11469
3488
4073
3068
1132
9705
11362
8118
7953
3457
4353
2133
2309
11051
3311
2030
7764
9538
1483
5242
9
7841
1819
1605
232
7126
8287
4614
9572
8938
5223
6344
3538
11846
1078
7221
5523
12488
3421
6427
3642
2442
4101
3778
6109
2673
10530
11930
6642
1289
2853
8722
3521
280
6316
3628
1670
2468
2837
6506
1418
6749
11045
11515
10734
10508
11095
2963
9974
8589
9007
7775
6118
7556
1601
10066
3741
10540
7996
10058
9096
8857
10471
8284
6085
9000
2824
3258
5531
9949
5552
3055
9652
9415
5009
9392
3896
5086
5544
8101
4078
7567
1957
10552
4781
7577
2605
8464
11178
8749
12387
3630
6972
5278
9909
5061
8778
2761
5430
1734
7684
7837
9932
25
3038
5952
10623
9203
2548
4708
6171
11154
4996
12394
5980
1529
6901
12418
3503
11007
6396
6859
4580
9281
10061
1923
8583
4374
12005
12447
614
1136
12155
3811
418
8741
10135
1932
7515
11329
9454
5902
5917
6470
2579
1233
11133
7077
11798
8380
10659
8860
11758
6922
7837
825
3258
651
2463
1116
9868
6250
9697
2600
4095
5035
11499
1186
11977
9739
3894
4969
4903
4674
1554
495
943
10609
6703
8829
3290
1507
5075
3625
1788
4254
1877
5233
8473
12092
5484
9485
11968
6399
1461
3204
8704
3318
2376
10043
2233
9947
7600
2059
4487
5691
3957
7085
5369
7343
12382
5148
6447
6134
10326
8362
1175
6073
812
12340
3158
6267
5213
12384
4256
6908
5500
11004
3213
10850
4291
10125
8233
9160
6596
5842
6407
3017
11637
8597
297
7292
12364
1131
12210
336
3039
5835
8573
5598
2030
2632
2506
2535
6885
8466
4735
7715
10303
10078
191
5453
3872
7019
3052
2257
9415
9786
12038
4484
1956
10658
6935
4714
12043
8366
6403
4082
175
3920
3870
12165
2431
10114
8820
1660
7619
5698
2276
10629
1108
11192
5213
1559
8407
7344
3421
5345
10578
9953
3420
5752
6296
4089
3643
3871
8196
10292
2992
11019
2063
654
7540
6383
6209
525
3022
6257
10698
1393
7138
3718
7511
1409
3377
3264
5445
5376
8806
4700
4945
1058
6003
2721
501
10618
5869
10841
6472
4950
5963
9827
2707
3757
8566
455
3652
11329
7850
7883
4322
9664
7147
9186
2816
12202
10741
4887
713
380
10925
2821
1486
10791
6074
1006
7150
4820
5883
8091
7155
4680
12285
5748
7929
9810
1011
3754
5343
2923
12111
6616
10025
924
378
7781
6410
9316
12404
798
12376
982
10129
6092
6524
3143
8341
4415
10183
7561
5804
11331
5446
12259
728
12141
9878
1399
1257
5506
11191
6987
12044
10290
768
4310
5295
562
10414
10792
7095
10333
4916
5086
8214
6173
7051
6193
11724
4787
1469
9096
6071
10281
9618
781
1170
10266
196
736
10403
5011
8060
6899
2106
5390
1438
12339
5324
2215
10348
7780
6501
11890
466
7971
6416
361
4045
7055
5091
3686
2175
8970
4037
2096
916
1763
672
12487
3141
7528
367
9678
390
2084
2274
10516
2981
2825
4736
7211
870
9510
6939
6189
2595
6681
9816
1648
6864
809
6222
5641
8145
6717
2837
11589
2862
10
4474
12174
11667
5336
11573
2820
7413
9323
11501
10881
5697
8399
9880
1220
2319
10379
2816
5165
2032
10347
12001
6735
4447
11523
5623
2332
1306
7225
1534
6172
11747
3184
7655
2971
10851
5062
8043
8033
10436
4119
11275
5772
7679
11434
8450
10965
3429
5002
3322
10265
3902
10171
9558
5015
509
10238
7727
144
12212
9242
1515
189
7789
5329
11634
2514
745
6910
2869
9757
2336
7283
7229
10412
11571
6229
11555
5512
3074
7158
11403
8803
3903
3768
2271
1576
6125
2640
2463
613
9834
7899
8320
1194
2605
11087
10482
2351
12300
5937
10220
9019
2134
6065
7929
9119
2943
11646
5943
6779
11183
2216
9570
5055
10338
5211
8785
4021
3059
10058
8888
10604
4447
2257
12423
6936
11462
6035
7808
485
8247
9205
5712
9636
9437
2385
6670
10338
8339
5652
11132
6979
9197
8183
1929
7619
10828
3266
3355
9893
2302
6461
11791
2242
9549
12116
4572
12377
6142
993
10156
9408
3838
5458
11032
1978
9003
12434
8117
7954
11041
10947
8182
9907
11426
1909
1408
8764
328
4805
8607
8197
2680
10414
10682
1786
9914
3470
87
9821
10312
6793
4197
7346
7995
1725
3141
3739
9651
12451
11115
10894
7648
7901
11352
3855
10779
1884
3316
7641
10709
8307
12049
1337
4885
1960
6729
5924
7275
9246
4564
5534
12348
10796
10142
4249
6750
836
1912
9701
11267
10168
11613
377
6189
10213
549
7279
11562
6828
3507
8030
155
4946
11611
2005
7243
2860
2462
6036
7496
9717
8963
405
7887
5581
11046
9352
10259
7104
9604
9943
12472
6114
8873
541
9194
11673
7647
7171
1412
11949
6862
448
5740
9033
5380
7402
11684
8137
9505
3891
10874
8376
2206
1551
1205
11208
4989
609
11667
3697
9520
4458
9724
6064
8058
6540
8573
11070
5310
8069
7712
7790
4625
8046
2855
8516
7165
11353
202
3644
10167
2122
10098
5713
11568
4096
3909
7322
11836
10486
6685
7039
8004
10214
2430
2404
3223
12176
976
11340
11329
614
2827
1437
8678
3085
3752
6659
11195
5189
4044
6135
407
8024
6029
7398
6860
4011
6995
3962
2631
1251
11734
7324
1385
673
12286
6910
5617
452
5293
7489
10378
1362
4814
9553
11795
8662
9535
8484
345
9749
8626
6648
6442
551
6632
12479
4186
7531
8044
11712
5181
9513
8709
10078
1380
8002
52
8005
3298
9341
1043
10744
12395
9055
8256
11545
3210
8975
8102
10698
6976
11010
3618
5382
5124
5087
882
835
6541
12306
2724
10585
4908
6081
2308
865
5152
7236
8174
3794
8610
1530
5186
3503
8707
10382
6752
9887
4794
7587
9269
7710
11928
9845
4737
6671
5896
3328
4954
8792
7120
11717
1465
3491
6617
2957
5836
6315
6747
7392
6394
8474
802
4309
2089
5446
5824
115
9174
7242
10834
3495
8540
11454
3037
7514
11156
7562
1345
8137
7469
1825
2282
11881
9173
9392
65
1696
9385
5750
4546
438
3140
9902
1193
796
6908
7620
7757
11790
847
5781
6653
10212
10458
3626
3178
2511
454
11603
4301
10774
4971
11110
12422
4569
6192
1421
7636
5197
5382
4129
3230
3425
2696
10397
355
11138
10261
2242
606
3537
12305
2054
7290
1688
7671
4570
1424
5548
6214
10053
1242
10282
1450
6272
7967
4530
9979
9124
7103
5487
12483
2561
6408
9217
2552
3229
7517
61
3271
4539
4750
10712
10997
764
10968
2917
3820
10735
9398
1623
12497
2088
11482
7828
2888
5447
1976
8923
2431
8325
1160
1138
7638
7619
3553
9745
8146
10572
11635
4443
9552
1363
2277
1676
5304
3029
11784
686
7804
5050
710
11743
12225
5481
5490
10395
3578
11080
6330
9605
1254
11094
10130
7445
3380
3613
3074
3379
9711
1224
7270
5747
11599
4956
4570
11135
12311
9807
2525
12358
6162
1290
1120
9880
7616
1916
1412
2158
2129
5657
6167
9566
4243
2031
3189
10958
3733
7331
10795
1692
12454
8406
3475
6580
10279
7462
145
7270
911
6854
10584
6271
8556
6471
3443
12463
9974
250
12329
1465
2201
917
1250
4054
7556
10204
1505
9568
1767
6112
7403
4980
11511
833
12404
10256
10315
7039
12100
155
1771
6642
1248
7774
7572
12395
1011
10272
11088
3226
984
3483
7502
9331
11990
11538
7157
11920
11523
76
5958
3076
5503
7299
11951
5605
7259
7723
6567
5687
2148
2936
649
12175
12193
8059
12168
5975
8981
7661
9194
3732
10980
11041
5128
3920
9977
2181
1343
866
3100
10894
8015
12025
6697
11195
1139
6448
8322
1968
5136
5788
3706
5402
1078
10548
2834
7827
9637
3931
11869
1182
2940
3863
3381
2226
4596
6962
2172
8032
8127
5079
6380
5702
2587
3754
7420
1124
5478
998
6921
5720
10152
7013
2525
3407
27
5578
9964
7079
1086
2151
5043
9911
1496
1918
7955
4153
8645
4471
6600
6677
4277
291
6340
58
11907
10504
2815
9823
3128
1711
2349
8639
9510
6150
3529
8426
1339
12473
2200
11517
9498
7592
6946
5976
36
8968
4206
670
8299
3268
4979
1008
6898
245
1443
9862
674
2467
3999
2023
2764
141
3952
11875
12302
8904
402
7846
10889
12028
2814
8671
2272
7583
9678
9185
5844
365
23
2940
6298
2146
1525
12359
9231
1341
1742
9266
4707
6166
7753
11371
8474
178
8753
9357
3641
7571
6174
3632
8566
8860
2280
8770
455
8808
11235
11815
3066
4758
4019
309
2445
1060
8224
619
11115
4092
2645
10961
7162
3636
3139
4723
4276
3942
197
2095
11329
322
5545
10773
6691
8891
6873
9937
12365
5255
11905
424
2606
2427
6200
12448
2148
7444
8927
7415
4453
8135
10742
12048
4927
7712
8969
4931
5721
10056
4495
9012
8612
9141
486
2745
11712
5745
6118
6053
6687
10786
753
5861
4686
2221
8356
4736
9935
3191
2576
9331
7515
5282
10142
3194
2079
5997
5847
11478
12421
1942
4217
2310
760
2894
4312
5965
1941
3456
736
8903
1326
2874
728
6166
7383
4881
7362
2706
11856
4233
7495
2531
7481
7663
1498
3331
11498
9792
666
5716
12397
7140
6131
4745
6570
10942
5101
1793
10409
2392
2796
6480
2455
6173
8006
4641
4554
3976
8311
9697
11134
3142
12122
8189
6946
1686
7329
5597
1397
982
6966
4649
2790
7520
9005
6686
9242
8482
12096
8940
12280
5570
4797
9464
1438
1016
77
1309
12157
9356
11276
7523
1481
3468
7082
9256
7517
10442
10299
4885
3614
12004
396
9428
7925
10647
3690
7434
9667
1321
7898
8572
4380
11871
9917
5564
10845
2658
6751
5931
1610
6020
5939
4540
2205
11943
3168
11821
438
12248
11668
11300
10683
7212
5326
276
5175
7868
1540
3290
9826
5142
4141
10836
1459
2705
3144
2110
6051
1519
10911
4860
3691
4368
3275
10094
6065
8355
7223
8482
7479
4368
6997
9919
2153
9098
10388
9668
6545
9641
390
2977
1119
3462
8605
8967
1880
7602
3082
12000
8799
1059
5771
11419
1337
6808
7609
6315
3937
7732
6710
9319
646
5557
8310
5458
10645
6722
8684
4861
4816
5975
8064
8909
1129
7935
3742
230
8263
6808
8214
10963
5274
7723
12182
6421
11096
8077
8582
7844
1489
4073
5732
11313
2932
3570
2331
8061
7651
3147
10822
7658
11417
10720
7184
2825
5495
9362
10290
5902
3067
7379
10552
9628
12017
8247
4045
5423
5875
1890
6861
2568
10639
841
3372
744
244
9250
5978
10059
5605
8180
5078
5116
8486
557
12045
7054
539
9358
926
1735
10286
2681
4777
6610
6021
8603
11795
7184
12024
9408
2187
5761
8785
8254
9518
10577
7348
6441
2581
8744
3384
232
298
7387
2301
5436
1143
11461
8702
9491
4884
9016
964
5126
4781
7959
8564
9262
7222
4140
9955
11293
10534
8697
5994
11816
8831
232
3538
1468
12205
6598
6778
4682
10851
10055
2384
9890
4309
586
7461
335
10982
2533
4524
5670
4798
3659
3473
1560
2013
10586
11718
10940
11289
4591
2197
4101
1393
2984
9105
911
7923
7234
9786
10786
2239
8782
6775
7226
5575
11174
4953
6637
9179
9620
312
8001
4174
324
7019
5172
9258
1979
11954
1619
7379
8337
5892
6261
7858
10783
8497
1326
3981
6550
4912
3748
5247
6237
3432
8516
9384
8747
8484
3339
5634
5082
1761
1670
4279
6695
12427
1070
8464
3933
4152
5945
7779
8168
3408
6402
2890
515
11867
7292
2677
3628
2657
2630
4709
9064
2755
10436
9391
11003
8288
512
5994
8616
8485
2297
6576
4223
1982
1163
10856
7427
5361
48
2398
11466
8468
9578
2829
9530
5626
8869
9379
1193
662
2006
2426
11631
9460
7715
3941
1991
4178
9961
8145
3641
12450
11663
12183
1112
12325
11166
11032
10705
8936
7750
10767
2609
232
5742
596
5677
7608
12361
5377
11918
3633
4802
7954
6479
12370
7444
7263
6767
9722
8865
3249
7899
4402
11257
11515
9305
9895
1718
9704
6960
10336
11174
4756
5412
3739
12317
11400
3719
7119
10763
6882
4316
4584
8726
8
7649
3710
5704
1241
4881
3904
4266
983
71
4501
2868
10706
1474
6726
3791
8281
5891
2657
10917
1583
4959
46
2542
2741
54
8544
3545
12148
11458
1983
11433
3315
8176
11249
3867
5595
4192
477
4823
3057
6071
10191
4685
912
871
1611
9926
9492
3329
2483
992
1659
6167
7144
7549
7603
1168
2964
1188
8837
360
4617
2024
10587
5568
12053
2531
2724
2860
10695
4090
5414
10334
7861
8011
7267
7861
1631
1870
10942
11117
6552
8820
8976
992
9774
9648
1032
3701
8763
4427
1229
11789
8486
2697
1454
8167
6598
7844
1318
11580
7202
6632
5133
10893
8078
3825
10806
11632
283
12242
12037
1094
2745
10219
6307
8297
5548
9596
8294
2405
1499
11523
6597
6269
2862
6125
1849
5164
6558
11599
1263
6287
553
11862
3916
12420
3688
10582
5414
5949
11341
1899
3419
9020
